{
  "advancedEditorSelectedIdentifier" : "ShaderGraphEditorPluginID",
  "openSceneRelativePaths" : [
    "Scene.usda",
    "backroomsBlenderExport.usdc",
    "backroomsDiffuseComputed.usdc"
  ],
  "recentIdentifiers" : {
    "1608052B-1051-4BDD-B6C1-EB41BC37088A" : [

    ],
    "5823621C-B10F-4D82-84D7-882D92C5BF87" : [

    ]
  },
  "sceneCameraHistory" : {
    "1608052B-1051-4BDD-B6C1-EB41BC37088A" : [
      {
        "date" : 758089648.168376,
        "title" : "Untitled",
        "transform" : [
          0.9171113,
          2.1125401e-09,
          0.39863136,
          0,
          0.16434765,
          0.9110573,
          -0.3781062,
          0,
          -0.36317623,
          0.41227946,
          0.835541,
          0,
          -1.2347779,
          2.838377,
          1.483521,
          1
        ]
      },
      {
        "date" : 758089575.881585,
        "title" : "Untitled",
        "transform" : [
          0.82206595,
          2.5477984e-09,
          0.5693923,
          0,
          0.19152258,
          0.94173235,
          -0.27651253,
          0,
          -0.53621536,
          0.3363629,
          0.7741661,
          0,
          -2.8131897,
          2.268688,
          1.5258322,
          1
        ]
      },
      {
        "date" : 758089567.744142,
        "title" : "Untitled",
        "transform" : [
          0.98840463,
          5.282771e-10,
          0.15184304,
          0,
          0.06380539,
          0.90742874,
          -0.41533345,
          0,
          -0.13778682,
          0.4202058,
          0.8969069,
          0,
          0.14778328,
          2.79046,
          1.0810771,
          1
        ]
      },
      {
        "date" : 758089560.269096,
        "title" : "Untitled",
        "transform" : [
          0.30380666,
          4.109897e-10,
          0.9527337,
          0,
          0.40829444,
          0.90351784,
          -0.13019642,
          0,
          -0.860812,
          0.42855033,
          0.2744947,
          0,
          -7.4376035,
          2.851674,
          -0.8158798,
          1
        ]
      },
      {
        "date" : 758089551.093211,
        "title" : "Untitled",
        "transform" : [
          0.94422483,
          1.2077432e-09,
          0.32930148,
          0,
          0.17546226,
          0.84622127,
          -0.50311285,
          0,
          -0.27866197,
          0.5328316,
          0.79902315,
          0,
          -1.8685114,
          3.5969098,
          1.5611601,
          1
        ]
      },
      {
        "date" : 758089512.362074,
        "title" : "Untitled",
        "transform" : [
          0.86912596,
          2.118174e-09,
          0.49459085,
          0,
          0.22931968,
          0.88601565,
          -0.4029748,
          0,
          -0.43821532,
          0.46365523,
          0.7700592,
          0,
          -3.1600852,
          3.0977976,
          1.6611662,
          1
        ]
      },
      {
        "date" : 758089509.513188,
        "title" : "Untitled",
        "transform" : [
          0.9971082,
          -6.205594e-10,
          0.07599495,
          0,
          0.029122919,
          0.9236566,
          -0.38211304,
          0,
          -0.070193306,
          0.38322118,
          0.92098564,
          0,
          -0.09740138,
          2.4761992,
          2.1125832,
          1
        ]
      },
      {
        "date" : 758089500.528756,
        "title" : "Untitled",
        "transform" : [
          0.9038753,
          -2.561107e-10,
          0.4277962,
          0,
          0.19860189,
          0.88570726,
          -0.41961873,
          0,
          -0.37890226,
          0.46424404,
          0.8005689,
          0,
          -2.7464404,
          3.0971272,
          2.2584162,
          1
        ]
      },
      {
        "date" : 758089492.183164,
        "title" : "Untitled",
        "transform" : [
          0.6381357,
          -4.131786e-10,
          0.769924,
          0,
          0.40239456,
          0.85255224,
          -0.33351645,
          0,
          -0.6564005,
          0.5226419,
          0.544044,
          0,
          -5.5789537,
          3.587912,
          0.7467494,
          1
        ]
      },
      {
        "date" : 758089479.059246,
        "title" : "Untitled",
        "transform" : [
          0.99867153,
          -6.8822825e-10,
          0.051528204,
          0,
          0.023669325,
          0.8882569,
          -0.45873675,
          0,
          -0.045770284,
          0.45934698,
          0.8870769,
          0,
          -0.17152023,
          3.076074,
          2.5851183,
          1
        ]
      }
    ],
    "3A1E5B26-926F-459E-9D63-F623FE9BC40D" : [
      {
        "date" : 758089305.015815,
        "title" : "Untitled",
        "transform" : [
          0.93300366,
          2.7007424e-10,
          -0.35986683,
          0,
          -0.24758227,
          0.7257269,
          -0.6418907,
          0,
          0.26116502,
          0.68798304,
          0.67710584,
          0,
          0.67545104,
          1.7793305,
          1.7511988,
          1
        ]
      }
    ],
    "5823621C-B10F-4D82-84D7-882D92C5BF87" : [
      {
        "date" : 758090985.062686,
        "title" : "Untitled",
        "transform" : [
          0.9947202,
          4.4631e-09,
          0.10262457,
          0,
          0.007007666,
          0.9976658,
          -0.067924306,
          0,
          -0.10238501,
          0.06828479,
          0.9923984,
          0,
          -2.7028093,
          1.9429934,
          2.1377966,
          1
        ]
      },
      {
        "date" : 758090875.319929,
        "title" : "Untitled",
        "transform" : [
          0.89456683,
          4.638232e-09,
          0.4469342,
          0,
          0.06349087,
          0.9898582,
          -0.12708104,
          0,
          -0.4424015,
          0.14205867,
          0.8854944,
          0,
          -3.3444097,
          2.0621598,
          3.4709597,
          1
        ]
      },
      {
        "date" : 758090868.836159,
        "title" : "Untitled",
        "transform" : [
          0.88254887,
          4.5504294e-09,
          0.47022057,
          0,
          0.07061367,
          0.98866,
          -0.13253364,
          0,
          -0.4648883,
          0.15017138,
          0.87254083,
          0,
          -3.6708336,
          2.179926,
          3.2829204,
          1
        ]
      },
      {
        "date" : 758090863.877152,
        "title" : "Untitled",
        "transform" : [
          0.88943094,
          -7.65354e-09,
          0.45706964,
          0,
          0.22686249,
          0.8681275,
          -0.44146124,
          0,
          -0.3967948,
          0.4963412,
          0.77213943,
          0,
          -2.840331,
          6.1759214,
          1.1349077,
          1
        ]
      },
      {
        "date" : 758090857.502029,
        "title" : "Untitled",
        "transform" : [
          0.8496668,
          -6.801529e-09,
          0.52732,
          0,
          0.12895368,
          0.9696378,
          -0.20778212,
          0,
          -0.5113095,
          0.24454542,
          0.823869,
          0,
          -4.5313206,
          2.0752792,
          1.9006338,
          1
        ]
      },
      {
        "date" : 758090738.644676,
        "title" : "Untitled",
        "transform" : [
          0.93023956,
          -6.3818866e-09,
          0.36695287,
          0,
          0.08070134,
          0.9755173,
          -0.20458104,
          0,
          -0.35796893,
          0.21992296,
          0.9074647,
          0,
          -3.2300355,
          1.866327,
          2.6100483,
          1
        ]
      },
      {
        "date" : 758090692.140435,
        "title" : "Untitled",
        "transform" : [
          0.8311219,
          -3.9851216e-09,
          0.5560903,
          0,
          0.2053883,
          0.9292929,
          -0.3069694,
          0,
          -0.51677084,
          0.3693434,
          0.7723557,
          0,
          -3.3478284,
          2.2553675,
          -0.37463713,
          1
        ]
      },
      {
        "date" : 758090682.828727,
        "title" : "Untitled",
        "transform" : [
          0.9164819,
          2.6216895e-10,
          0.4000762,
          0,
          0.10998908,
          0.96146697,
          -0.2519595,
          0,
          -0.38466007,
          0.27492028,
          0.88116705,
          0,
          -2.5411043,
          1.6787802,
          0.28981066,
          1
        ]
      },
      {
        "date" : 758090576.105758,
        "title" : "Untitled",
        "transform" : [
          0.9259482,
          4.8990884e-10,
          0.3776505,
          0,
          0.20764719,
          0.8352702,
          -0.509123,
          0,
          -0.3154402,
          0.54983956,
          0.773417,
          0,
          -2.1184177,
          3.3575609,
          -0.36815786,
          1
        ]
      },
      {
        "date" : 758090574.576513,
        "title" : "Untitled",
        "transform" : [
          0.9259481,
          4.899088e-10,
          0.37765044,
          0,
          0.20764719,
          0.8352702,
          -0.509123,
          0,
          -0.31544024,
          0.5498396,
          0.7734171,
          0,
          -1.6934593,
          2.747338,
          0.23898363,
          1
        ]
      }
    ]
  },
  "sceneViewportBackgroundColors" : {

  },
  "selectedSceneRelativePath" : "backroomsDiffuseComputed.usdc"
}