{
  "advancedEditorSelectedIdentifier" : "ProjectBrowser",
  "openSceneRelativePaths" : [
    "Scene.usda",
    "backroomsBlenderExport.usdc",
    "backroomsDiffuseComputed.usdc"
  ],
  "recentIdentifiers" : {
    "1608052B-1051-4BDD-B6C1-EB41BC37088A" : [

    ],
    "5823621C-B10F-4D82-84D7-882D92C5BF87" : [

    ]
  },
  "sceneCameraHistory" : {
    "1608052B-1051-4BDD-B6C1-EB41BC37088A" : [
      {
        "date" : 758094277.304457,
        "title" : "Untitled",
        "transform" : [
          0.850487,
          2.3433548e-09,
          0.52599597,
          0,
          0.15737486,
          0.95419234,
          -0.25446048,
          0,
          -0.50190145,
          0.2991937,
          0.8115282,
          0,
          -4.219967,
          2.3407013,
          0.27888155,
          1
        ]
      },
      {
        "date" : 758094273.022219,
        "title" : "Untitled",
        "transform" : [
          0.9171113,
          2.1125401e-09,
          0.39863136,
          0,
          0.16434766,
          0.9110574,
          -0.37810627,
          0,
          -0.36317623,
          0.41227946,
          0.835541,
          0,
          -3.134673,
          3.225408,
          0.4667406,
          1
        ]
      },
      {
        "date" : 758089648.168376,
        "title" : "Untitled",
        "transform" : [
          0.9171113,
          2.1125401e-09,
          0.39863136,
          0,
          0.16434765,
          0.9110573,
          -0.3781062,
          0,
          -0.36317623,
          0.41227946,
          0.835541,
          0,
          -1.2347779,
          2.838377,
          1.483521,
          1
        ]
      },
      {
        "date" : 758089575.881585,
        "title" : "Untitled",
        "transform" : [
          0.82206595,
          2.5477984e-09,
          0.5693923,
          0,
          0.19152258,
          0.94173235,
          -0.27651253,
          0,
          -0.53621536,
          0.3363629,
          0.7741661,
          0,
          -2.8131897,
          2.268688,
          1.5258322,
          1
        ]
      },
      {
        "date" : 758089567.744142,
        "title" : "Untitled",
        "transform" : [
          0.98840463,
          5.282771e-10,
          0.15184304,
          0,
          0.06380539,
          0.90742874,
          -0.41533345,
          0,
          -0.13778682,
          0.4202058,
          0.8969069,
          0,
          0.14778328,
          2.79046,
          1.0810771,
          1
        ]
      },
      {
        "date" : 758089560.269096,
        "title" : "Untitled",
        "transform" : [
          0.30380666,
          4.109897e-10,
          0.9527337,
          0,
          0.40829444,
          0.90351784,
          -0.13019642,
          0,
          -0.860812,
          0.42855033,
          0.2744947,
          0,
          -7.4376035,
          2.851674,
          -0.8158798,
          1
        ]
      },
      {
        "date" : 758089551.093211,
        "title" : "Untitled",
        "transform" : [
          0.94422483,
          1.2077432e-09,
          0.32930148,
          0,
          0.17546226,
          0.84622127,
          -0.50311285,
          0,
          -0.27866197,
          0.5328316,
          0.79902315,
          0,
          -1.8685114,
          3.5969098,
          1.5611601,
          1
        ]
      },
      {
        "date" : 758089512.362074,
        "title" : "Untitled",
        "transform" : [
          0.86912596,
          2.118174e-09,
          0.49459085,
          0,
          0.22931968,
          0.88601565,
          -0.4029748,
          0,
          -0.43821532,
          0.46365523,
          0.7700592,
          0,
          -3.1600852,
          3.0977976,
          1.6611662,
          1
        ]
      },
      {
        "date" : 758089509.513188,
        "title" : "Untitled",
        "transform" : [
          0.9971082,
          -6.205594e-10,
          0.07599495,
          0,
          0.029122919,
          0.9236566,
          -0.38211304,
          0,
          -0.070193306,
          0.38322118,
          0.92098564,
          0,
          -0.09740138,
          2.4761992,
          2.1125832,
          1
        ]
      },
      {
        "date" : 758089500.528756,
        "title" : "Untitled",
        "transform" : [
          0.9038753,
          -2.561107e-10,
          0.4277962,
          0,
          0.19860189,
          0.88570726,
          -0.41961873,
          0,
          -0.37890226,
          0.46424404,
          0.8005689,
          0,
          -2.7464404,
          3.0971272,
          2.2584162,
          1
        ]
      }
    ],
    "3A1E5B26-926F-459E-9D63-F623FE9BC40D" : [
      {
        "date" : 758093283.252606,
        "title" : "Untitled",
        "transform" : [
          0.18935578,
          -3.2337422e-09,
          -0.98190856,
          0,
          -0.50077266,
          0.8601749,
          -0.09657133,
          0,
          0.8446131,
          0.50999916,
          0.16287915,
          0,
          2.4063013,
          2.973742,
          0.15107451,
          1
        ]
      },
      {
        "date" : 758093255.262413,
        "title" : "Untitled",
        "transform" : [
          0.61753327,
          -2.957798e-09,
          -0.78654474,
          0,
          -0.25965384,
          0.9439391,
          -0.20385987,
          0,
          0.7424504,
          0.3301196,
          0.5829139,
          0,
          2.3246608,
          2.4646833,
          1.4344378,
          1
        ]
      },
      {
        "date" : 758089305.015815,
        "title" : "Untitled",
        "transform" : [
          0.93300366,
          2.7007424e-10,
          -0.35986683,
          0,
          -0.24758227,
          0.7257269,
          -0.6418907,
          0,
          0.26116502,
          0.68798304,
          0.67710584,
          0,
          0.67545104,
          1.7793305,
          1.7511988,
          1
        ]
      }
    ],
    "5823621C-B10F-4D82-84D7-882D92C5BF87" : [
      {
        "date" : 758095721.497532,
        "title" : "Untitled",
        "transform" : [
          0.99595636,
          -4.1834866e-10,
          0.08983843,
          0,
          0.022635322,
          0.9677387,
          -0.25093704,
          0,
          -0.08694,
          0.25195587,
          0.9638255,
          0,
          -4.296062,
          3.079421,
          -0.62609005,
          1
        ]
      },
      {
        "date" : 758095714.173085,
        "title" : "Untitled",
        "transform" : [
          0.99595636,
          -4.1834866e-10,
          0.08983843,
          0,
          0.022635322,
          0.9677387,
          -0.25093704,
          0,
          -0.08694,
          0.25195587,
          0.9638255,
          0,
          -2.3492274,
          3.2609158,
          -0.4979248,
          1
        ]
      },
      {
        "date" : 758095711.901154,
        "title" : "Untitled",
        "transform" : [
          0.99595636,
          -4.1834866e-10,
          0.08983843,
          0,
          0.022635322,
          0.9677387,
          -0.25093704,
          0,
          -0.08694,
          0.25195587,
          0.9638255,
          0,
          -5.1392803,
          3.1641626,
          -0.72430325,
          1
        ]
      },
      {
        "date" : 758095582.312342,
        "title" : "Untitled",
        "transform" : [
          0.99595636,
          -4.1834866e-10,
          0.08983843,
          0,
          0.022635322,
          0.9677387,
          -0.25093704,
          0,
          -0.08694,
          0.25195587,
          0.9638255,
          0,
          -2.2187161,
          3.1641645,
          -0.46085835,
          1
        ]
      },
      {
        "date" : 758095578.329414,
        "title" : "Untitled",
        "transform" : [
          0.99595636,
          -4.1834866e-10,
          0.08983843,
          0,
          0.022635322,
          0.9677387,
          -0.25093704,
          0,
          -0.08694,
          0.25195587,
          0.9638255,
          0,
          -0.24631457,
          1.5580976,
          1.2726505,
          1
        ]
      },
      {
        "date" : 758095570.421958,
        "title" : "Untitled",
        "transform" : [
          0.99700123,
          -4.1834866e-10,
          0.07738532,
          0,
          0.019497689,
          0.9677387,
          -0.25120032,
          0,
          -0.07488865,
          0.25195587,
          0.9648367,
          0,
          -1.5508251,
          2.0165184,
          -2.1123,
          1
        ]
      },
      {
        "date" : 758095551.784112,
        "title" : "Untitled",
        "transform" : [
          0.99700123,
          -4.1834866e-10,
          0.07738532,
          0,
          0.019497689,
          0.9677387,
          -0.25120032,
          0,
          -0.07488865,
          0.25195587,
          0.9648367,
          0,
          -2.6176367,
          2.5007904,
          -2.3215656,
          1
        ]
      },
      {
        "date" : 758091598.93084,
        "title" : "Untitled",
        "transform" : [
          0.9994409,
          -5.5119964e-10,
          0.033435185,
          0,
          0.0075884913,
          0.97390383,
          -0.22683424,
          0,
          -0.03256254,
          0.22696114,
          0.9733593,
          0,
          -2.253415,
          2.6422513,
          -0.56633425,
          1
        ]
      },
      {
        "date" : 758091594.913258,
        "title" : "Untitled",
        "transform" : [
          0.9979705,
          -5.5756694e-10,
          0.063677885,
          0,
          0.01545534,
          0.97009856,
          -0.24221864,
          0,
          -0.06177371,
          0.2427112,
          0.9681298,
          0,
          -2.4588199,
          2.296498,
          -2.7377663,
          1
        ]
      },
      {
        "date" : 758091558.700115,
        "title" : "Untitled",
        "transform" : [
          0.9976804,
          -5.6248134e-10,
          -0.0680725,
          0,
          -0.017438611,
          0.96662986,
          -0.2555829,
          0,
          0.06580102,
          0.25617713,
          0.96438766,
          0,
          -1.2517285,
          2.4239104,
          -2.7731733,
          1
        ]
      }
    ]
  },
  "sceneViewportBackgroundColors" : {

  },
  "selectedSceneRelativePath" : "backroomsDiffuseComputed.usdc"
}