{
  "advancedEditorSelectedIdentifier" : "ShaderGraphEditorPluginID",
  "openSceneRelativePaths" : [
    "Scene.usda",
    "backroomsDiffuseComputed.usdc"
  ],
  "recentIdentifiers" : {
    "1608052B-1051-4BDD-B6C1-EB41BC37088A" : [

    ],
    "5823621C-B10F-4D82-84D7-882D92C5BF87" : [

    ]
  },
  "sceneCameraHistory" : {
    "1608052B-1051-4BDD-B6C1-EB41BC37088A" : [
      {
        "date" : 758089648.168376,
        "title" : "Untitled",
        "transform" : [
          0.9171113,
          2.1125401e-09,
          0.39863136,
          0,
          0.16434765,
          0.9110573,
          -0.3781062,
          0,
          -0.36317623,
          0.41227946,
          0.835541,
          0,
          -1.2347779,
          2.838377,
          1.483521,
          1
        ]
      },
      {
        "date" : 758089575.881585,
        "title" : "Untitled",
        "transform" : [
          0.82206595,
          2.5477984e-09,
          0.5693923,
          0,
          0.19152258,
          0.94173235,
          -0.27651253,
          0,
          -0.53621536,
          0.3363629,
          0.7741661,
          0,
          -2.8131897,
          2.268688,
          1.5258322,
          1
        ]
      },
      {
        "date" : 758089567.744142,
        "title" : "Untitled",
        "transform" : [
          0.98840463,
          5.282771e-10,
          0.15184304,
          0,
          0.06380539,
          0.90742874,
          -0.41533345,
          0,
          -0.13778682,
          0.4202058,
          0.8969069,
          0,
          0.14778328,
          2.79046,
          1.0810771,
          1
        ]
      },
      {
        "date" : 758089560.269096,
        "title" : "Untitled",
        "transform" : [
          0.30380666,
          4.109897e-10,
          0.9527337,
          0,
          0.40829444,
          0.90351784,
          -0.13019642,
          0,
          -0.860812,
          0.42855033,
          0.2744947,
          0,
          -7.4376035,
          2.851674,
          -0.8158798,
          1
        ]
      },
      {
        "date" : 758089551.093211,
        "title" : "Untitled",
        "transform" : [
          0.94422483,
          1.2077432e-09,
          0.32930148,
          0,
          0.17546226,
          0.84622127,
          -0.50311285,
          0,
          -0.27866197,
          0.5328316,
          0.79902315,
          0,
          -1.8685114,
          3.5969098,
          1.5611601,
          1
        ]
      },
      {
        "date" : 758089512.362074,
        "title" : "Untitled",
        "transform" : [
          0.86912596,
          2.118174e-09,
          0.49459085,
          0,
          0.22931968,
          0.88601565,
          -0.4029748,
          0,
          -0.43821532,
          0.46365523,
          0.7700592,
          0,
          -3.1600852,
          3.0977976,
          1.6611662,
          1
        ]
      },
      {
        "date" : 758089509.513188,
        "title" : "Untitled",
        "transform" : [
          0.9971082,
          -6.205594e-10,
          0.07599495,
          0,
          0.029122919,
          0.9236566,
          -0.38211304,
          0,
          -0.070193306,
          0.38322118,
          0.92098564,
          0,
          -0.09740138,
          2.4761992,
          2.1125832,
          1
        ]
      },
      {
        "date" : 758089500.528756,
        "title" : "Untitled",
        "transform" : [
          0.9038753,
          -2.561107e-10,
          0.4277962,
          0,
          0.19860189,
          0.88570726,
          -0.41961873,
          0,
          -0.37890226,
          0.46424404,
          0.8005689,
          0,
          -2.7464404,
          3.0971272,
          2.2584162,
          1
        ]
      },
      {
        "date" : 758089492.183164,
        "title" : "Untitled",
        "transform" : [
          0.6381357,
          -4.131786e-10,
          0.769924,
          0,
          0.40239456,
          0.85255224,
          -0.33351645,
          0,
          -0.6564005,
          0.5226419,
          0.544044,
          0,
          -5.5789537,
          3.587912,
          0.7467494,
          1
        ]
      },
      {
        "date" : 758089479.059246,
        "title" : "Untitled",
        "transform" : [
          0.99867153,
          -6.8822825e-10,
          0.051528204,
          0,
          0.023669325,
          0.8882569,
          -0.45873675,
          0,
          -0.045770284,
          0.45934698,
          0.8870769,
          0,
          -0.17152023,
          3.076074,
          2.5851183,
          1
        ]
      }
    ],
    "3A1E5B26-926F-459E-9D63-F623FE9BC40D" : [
      {
        "date" : 758093283.252606,
        "title" : "Untitled",
        "transform" : [
          0.18935578,
          -3.2337422e-09,
          -0.98190856,
          0,
          -0.50077266,
          0.8601749,
          -0.09657133,
          0,
          0.8446131,
          0.50999916,
          0.16287915,
          0,
          2.4063013,
          2.973742,
          0.15107451,
          1
        ]
      },
      {
        "date" : 758093255.262413,
        "title" : "Untitled",
        "transform" : [
          0.61753327,
          -2.957798e-09,
          -0.78654474,
          0,
          -0.25965384,
          0.9439391,
          -0.20385987,
          0,
          0.7424504,
          0.3301196,
          0.5829139,
          0,
          2.3246608,
          2.4646833,
          1.4344378,
          1
        ]
      },
      {
        "date" : 758089305.015815,
        "title" : "Untitled",
        "transform" : [
          0.93300366,
          2.7007424e-10,
          -0.35986683,
          0,
          -0.24758227,
          0.7257269,
          -0.6418907,
          0,
          0.26116502,
          0.68798304,
          0.67710584,
          0,
          0.67545104,
          1.7793305,
          1.7511988,
          1
        ]
      }
    ],
    "5823621C-B10F-4D82-84D7-882D92C5BF87" : [
      {
        "date" : 758091598.93084,
        "title" : "Untitled",
        "transform" : [
          0.9994409,
          -5.5119964e-10,
          0.033435185,
          0,
          0.0075884913,
          0.97390383,
          -0.22683424,
          0,
          -0.03256254,
          0.22696114,
          0.9733593,
          0,
          -2.253415,
          2.6422513,
          -0.56633425,
          1
        ]
      },
      {
        "date" : 758091594.913258,
        "title" : "Untitled",
        "transform" : [
          0.9979705,
          -5.5756694e-10,
          0.063677885,
          0,
          0.01545534,
          0.97009856,
          -0.24221864,
          0,
          -0.06177371,
          0.2427112,
          0.9681298,
          0,
          -2.4588199,
          2.296498,
          -2.7377663,
          1
        ]
      },
      {
        "date" : 758091558.700115,
        "title" : "Untitled",
        "transform" : [
          0.9976804,
          -5.6248134e-10,
          -0.0680725,
          0,
          -0.017438611,
          0.96662986,
          -0.2555829,
          0,
          0.06580102,
          0.25617713,
          0.96438766,
          0,
          -1.2517285,
          2.4239104,
          -2.7731733,
          1
        ]
      },
      {
        "date" : 758091188.254699,
        "title" : "Untitled",
        "transform" : [
          0.99833554,
          -7.968253e-10,
          -0.057672396,
          0,
          -0.004068662,
          0.9975084,
          -0.07043047,
          0,
          0.057528816,
          0.070547886,
          0.9958481,
          0,
          -2.527707,
          0.93741506,
          -0.7354784,
          1
        ]
      },
      {
        "date" : 758091180.632594,
        "title" : "Untitled",
        "transform" : [
          0.99833554,
          -7.968253e-10,
          -0.057672396,
          0,
          -0.004068662,
          0.9975084,
          -0.07043047,
          0,
          0.057528816,
          0.070547886,
          0.9958481,
          0,
          -1.3869853,
          2.5166125,
          4.0434923,
          1
        ]
      },
      {
        "date" : 758091174.282574,
        "title" : "Untitled",
        "transform" : [
          0.99833554,
          -7.968253e-10,
          -0.057672396,
          0,
          -0.004068662,
          0.9975084,
          -0.07043047,
          0,
          0.057528816,
          0.070547886,
          0.9958481,
          0,
          -0.5161905,
          1.4716852,
          7.8065743,
          1
        ]
      },
      {
        "date" : 758091142.191837,
        "title" : "Untitled",
        "transform" : [
          0.11336528,
          8.832118e-11,
          -0.99355346,
          0,
          0.016058888,
          0.99986935,
          0.0018323323,
          0,
          0.99342364,
          -0.016163085,
          0.11335044,
          0,
          -1.9681457,
          1.0254165,
          2.4272301,
          1
        ]
      },
      {
        "date" : 758091097.289416,
        "title" : "Untitled",
        "transform" : [
          0.99500316,
          5.6670668e-11,
          0.099844,
          0,
          -0.0021002332,
          0.9997788,
          0.020930039,
          0,
          -0.09982189,
          -0.021035146,
          0.994783,
          0,
          -25.632101,
          2.7430987,
          16.03769,
          1
        ]
      },
      {
        "date" : 758091094.06853,
        "title" : "Untitled",
        "transform" : [
          0.99500316,
          5.6670668e-11,
          0.099844,
          0,
          -0.0021002332,
          0.9997788,
          0.020930039,
          0,
          -0.09982189,
          -0.021035146,
          0.994783,
          0,
          -21.88665,
          1.9092274,
          13.747587,
          1
        ]
      },
      {
        "date" : 758091082.608925,
        "title" : "Untitled",
        "transform" : [
          0.9950031,
          -1.7310264e-11,
          0.099844,
          0,
          -0.0021002332,
          0.99977875,
          0.020930037,
          0,
          -0.09982191,
          -0.021035148,
          0.994783,
          0,
          -19.193365,
          1.9682286,
          3.4955807,
          1
        ]
      }
    ]
  },
  "sceneViewportBackgroundColors" : {

  },
  "selectedSceneRelativePath" : "Scene.usda"
}